[app/ui]
version = 6.2.3
modtime = 1435242590.453709000

[app/launcher]
version = 6.2.3
modtime = 1435242590.489333000

[app/package/check_for_updates]
version = 6.2.3
modtime = 1435242590.516219000
